    Line 2: 01:04.604	ID:22	-4610,63,63,5
	Line 3: 01:04.631	ID:22	30 0 63 0 1285 45 1 0 12598 11312 13110 0 43690 0 0 0 0 0 0 0 0 0 16448 0 0 0 0 10214 11054 44600
	Line 5: 01:10.394	ID:22	24053,69,69,11
	Line 6: 01:10.421	ID:22	30 0 69 0 2827 50 1 0 13616 11315 14646 0 43690 0 0 0 0 0 0 0 0 0 16448 0 0 0 0 10214 11054 44600
	Line 8: 01:10.678	ID:22	-3845,69,69,1
	Line 9: 01:10.705	ID:22	30 0 69 0 257 45 1 0 13368 11317 14646 0 43690 0 0 0 0 0 0 0 0 0 16448 0 0 0 0 10214 11054 44600
	Line 11: 01:13.148	ID:22	-31684,72,72,12
	Line 12: 01:13.175	ID:22	30 0 72 0 3084 45 1 0 13873 13368 14124 50 43690 0 0 0 0 0 0 0 0 0 16448 0 0 0 0 10214 11054 44600
	Line 17: 01:17.230	ID:22	-11637,76,76,17
	Line 18: 01:17.257	ID:22	30 0 76 0 4369 45 1 0 13873 14131 14124 54 43690 0 0 0 0 0 0 0 0 0 16448 0 0 0 0 10214 11054 44600
	Line 29: 01:29.532	ID:22	-14107,88,88,10
	Line 30: 01:29.565	ID:22	30 0 88 0 2570 45 1 0 12596 14128 14380 56 2048 0 4 0 4726 4642 22706 4642 1 15 60530 35414 23240 0 34346 59254 0 0
	Line 32: 01:31.226	ID:22	15885,90,90,18
	Line 33: 01:31.253	ID:22	30 0 90 0 4626 49 2 0 14392 11317 12345 0 43690 0 0 0 0 0 0 0 0 0 16448 0 0 0 0 10214 11054 44600
	Line 41: 01:40.444	ID:22	10104,99,99,6
	Line 42: 01:40.471	ID:22	30 0 99 0 1542 49 1 0 12337 11316 14649 0 43690 0 0 0 0 0 0 0 0 0 16448 0 0 0 0 10214 11054 44600
	Line 45: 01:43.342	ID:22	29236,102,102,4
	Line 46: 01:43.370	ID:22	30 0 102 0 1028 50 2 0 13106 11318 12337 50 43690 0 0 0 0 0 0 0 0 0 16448 0 0 0 0 10214 11054 44600
	Line 47: 01:43.457	ID:22	-31298,102,102,16
	Line 48: 01:43.486	ID:22	30 0 102 0 4112 45 2 0 12849 14393 12588 12848 43520 0 0 0 0 0 0 0 0 0 16448 0 0 0 0 10214 11054 44600
	Line 51: 01:54.489	ID:22	27296,113,113,15
	Line 52: 01:54.517	ID:22	30 0 113 0 3855 50 1 0 14642 11318 12593 51 43690 0 0 0 0 0 0 0 0 0 16448 0 0 0 0 10214 11054 44600
	Line 54: 01:57.832	ID:22	6208,117,116,14
	Line 55: 01:57.859	ID:22	30 0 116 0 3598 54 1 0 14384 12588 14129 0 43690 0 0 0 0 0 0 0 0 0 16448 0 0 0 0 10214 11054 44600
	Line 57: 02:02.842	ID:22	-21125,122,121,2
	Line 58: 02:02.878	ID:22	30 0 121 0 514 45 2 0 12593 13618 12588 12850 4352 14496 0 0 0 10 35786 1 63492 1 6186 63492 36188 4414 5528 32422 0 41712
	Line 60: 02:04.625	ID:22	-32232,124,123,11
	Line 61: 02:04.663	ID:22	30 0 123 0 2827 45 1 0 12850 12851 12588 13362 2048 0 189 0 4726 4642 22706 1 63492 1 6176 63492 36188 4414 5518 32422 0 41712
	Line 66: 02:05.763	ID:22	24008,124,124,10
	Line 67: 02:05.799	ID:22	30 0 124 0 2570 50 1 0 12336 11320 12849 52 2048 0 230 0 4726 4642 22706 1 63492 1 6176 63492 36188 4414 5518 32422 0 41712
	Line 69: 02:07.813	ID:22	-30530,127,126,14
	Line 70: 02:07.842	ID:22	30 0 126 0 3598 45 1 0 13616 12339 12588 14130 43520 0 0 0 0 0 0 0 0 0 16448 0 0 0 0 10214 11054 44600
	Line 72: 02:10.059	ID:22	-5110,128,129,5
	Line 73: 02:10.094	ID:22	30 0 129 0 1285 45 1 0 12593 11312 12849 56 2048 0 487 0 4726 35414 23240 0 9203 4834 23422 53077 0 35454 60038 0 0 53077
	Line 75: 02:13.169	ID:22	16330,132,132,16
	Line 76: 02:13.205	ID:22	30 0 132 0 4112 49 2 0 13107 11312 13105 50 2048 0 229 0 4726 4642 22706 1 63492 1 6176 63492 36188 4414 5518 32422 0 41712
	Line 81: 02:32.211	ID:22	3175,151,151,17
	Line 82: 02:32.238	ID:22	30 0 151 0 4369 51 1 0 13623 12588 12597 0 43690 0 0 0 0 0 0 0 0 0 16448 0 0 0 0 10214 11054 44600
	Line 85: 02:35.254	ID:22	-22488,154,154,12
	Line 87: 02:35.289	ID:22	30 0 154 0 3084 45 1 0 13362 14392 12588 13365 2048 0 487 0 4726 4642 22706 4642 1 15 60530 35414 23240 0 34346 59254 0 0
	Line 90: 02:37.076	ID:22	-28468,156,156,15
	Line 91: 02:37.103	ID:22	30 0 156 0 3855 45 1 0 13368 14390 12588 13877 43520 0 0 0 0 0 0 0 0 0 16448 0 0 0 0 10214 11054 0
	Line 93: 02:37.640	ID:22	-8930,156,156,4
	Line 94: 02:37.676	ID:22	30 0 156 0 1028 45 2 0 13113 11312 13617 54 2048 0 4 0 4726 4642 22706 2 63492 2 6176 63492 36188 4414 5518 32422 0 41712
	Line 102: 02:51.660	ID:22	-24105,170,170,1
	Line 103: 02:51.688	ID:22	30 0 170 0 257 45 1 0 12596 13616 12588 12343 43520 0 0 0 0 0 0 0 0 0 16448 0 0 0 0 10214 11054 44600
	Line 105: 02:52.382	ID:22	2062,171,171,18
	Line 106: 02:52.419	ID:22	30 0 171 0 4626 50 2 0 12854 12588 12599 2048 2048 0 485 0 4726 4642 22706 2 63492 2 6176 63492 36188 4414 5518 32422 0 41712
	Line 111: 02:58.051	ID:22	17188,177,177,6
	Line 112: 02:58.078	ID:22	30 0 177 0 1542 49 1 0 14385 11320 14129 55 43690 0 0 0 0 0 0 0 0 0 16448 0 0 0 0 10214 11054 44600
	Line 114: 03:01.678	ID:22	24117,180,180,14
	Line 115: 03:01.715	ID:22	30 0 180 0 3598 50 1 0 12593 11319 14385 48 2048 0 397 0 4726 4642 22706 1 63492 1 6176 63492 36188 4414 5518 32422 0 41712
	Line 120: 03:04.871	ID:22	-11316,184,183,4
	Line 121: 03:04.900	ID:22	30 0 183 0 1028 45 2 0 13105 13873 12588 13368 43520 0 0 0 0 0 0 0 0 0 16448 0 0 0 0 10214 11054 44600
	Line 126: 03:10.275	ID:22	-12883,189,189,1
	Line 127: 03:10.310	ID:22	30 0 189 0 257 45 1 0 14386 13112 12588 14648 2048 0 4 0 4726 4642 22706 1 63492 1 6176 63492 36188 4414 5518 32422 0 0
	Line 129: 03:12.447	ID:22	-22953,191,191,2
	Line 130: 03:12.482	ID:22	30 0 191 0 514 45 2 0 14642 13109 12588 12601 2048 0 488 0 4726 4642 22706 4642 1 15 60530 35414 23240 0 34346 59254 0 0
	Line 132: 03:17.327	ID:22	8893,196,196,17
	Line 133: 03:17.364	ID:22	30 0 196 0 4369 56 1 0 13113 12588 13881 2048 2048 0 231 0 4726 4642 22706 1 63492 1 6176 63492 36188 4414 5518 32422 0 41712
	Line 135: 03:19.494	ID:22	7910,198,198,12
	Line 136: 03:19.531	ID:22	30 0 198 0 3084 55 1 0 12337 12588 14393 2048 2048 0 486 0 4726 4642 22706 1 63492 1 6176 63492 36188 4414 5518 32422 0 41712
	Line 138: 03:21.791	ID:22	18498,201,200,6
	Line 139: 03:21.828	ID:22	30 0 200 0 1542 49 1 0 14644 11320 12338 49 35334 50004 0 667 0 10696 33376 1 63492 1 6176 63492 36188 4414 5518 32422 0 41712
	Line 141: 03:24.004	ID:22	22087,203,203,10
	Line 142: 03:24.040	ID:22	30 0 203 0 2570 50 1 0 14384 11319 12338 51 2048 0 487 0 4726 4642 22706 4642 1 15 60530 35414 23240 0 21516 4834 23718 44835
	Line 147: 03:31.048	ID:22	12842,210,210,15
	Line 148: 03:31.075	ID:22	30 0 210 0 3855 49 1 0 13368 11314 12594 48 43690 0 0 0 0 0 0 0 0 0 16448 0 0 0 0 10214 11054 44600
	Line 151: 03:33.237	ID:22	-12228,212,212,18
	Line 152: 03:33.274	ID:22	30 0 212 0 4626 45 2 0 12850 14386 12844 12849 2048 0 487 0 4726 4642 22706 1 63492 1 6176 63492 36188 4414 5518 32422 0 41712
	Line 153: 03:33.491	ID:22	-15657,212,212,11
	Line 154: 03:33.520	ID:22	30 0 212 0 2827 45 1 0 13877 14133 12844 12849 43520 0 0 0 0 0 0 0 0 0 16448 0 0 0 0 10214 11054 44600
	Line 156: 03:39.478	ID:22	-15272,218,218,16
	Line 157: 03:39.515	ID:22	30 0 218 0 4112 45 2 0 12853 12855 12844 14385 2048 0 202 0 4726 4642 22706 4642 1 15 60530 35414 35414 23240 34346 59254 0 0
	Line 165: 03:50.337	ID:22	25329,229,229,5
	Line 166: 03:50.373	ID:22	30 0 229 0 1285 50 1 0 12851 11321 12850 57 2048 0 159 0 4732 4642 22706 1 63492 1 6176 63492 36188 4414 5518 32422 1 41712
	Line 171: 04:02.516	ID:22	-31629,241,241,1
	Line 172: 04:02.544	ID:22	30 0 241 0 257 45 1 0 13873 14642 12844 12596 43520 0 0 0 0 0 0 0 0 0 16448 0 0 0 0 10214 11054 44600
	Line 178: 04:08.824	ID:22	29259,247,247,18
	Line 179: 04:08.852	ID:22	30 0 247 0 4626 50 2 0 13618 11321 13362 55 43690 0 0 0 0 0 0 0 0 0 16448 0 0 0 0 10214 11054 44600
	Line 180: 04:09.073	ID:22	-26089,247,248,16
	Line 181: 04:09.110	ID:22	30 0 248 0 4112 45 2 0 12342 14648 12844 14132 2048 0 229 0 4726 4642 22706 1 63492 1 6176 63492 36188 4414 5518 32422 0 41712
	Line 189: 04:22.790	ID:22	16371,261,261,5
	Line 190: 04:22.826	ID:22	30 0 261 0 1285 49 1 0 14131 11313 13874 49 2048 0 415 0 4726 4642 22706 1 63492 1 6176 63492 36188 4414 5518 32422 0 41712
	Line 195: 04:29.036	ID:22	28305,268,268,4
	Line 196: 04:29.070	ID:22	30 0 268 0 1028 50 2 0 12339 11317 13874 56 35454 60038 41712 2 36 17 0 0 0 2 6176 63492 36188 4414 5518 32422 0 41712
	Line 198: 04:33.272	ID:22	-22898,272,272,6
	Line 199: 04:33.308	ID:22	30 0 272 0 1542 45 1 0 14386 14393 12844 12855 0 22 6181 5 8 6176 6176 8 18378 1 6176 63492 36188 4414 5518 32422 0 41712
	Line 204: 04:35.534	ID:22	20723,274,274,2
	Line 205: 04:35.570	ID:22	30 0 274 0 514 50 2 0 12855 11315 14130 52 2048 0 9 0 4726 4642 22706 4642 1 15 60530 35414 23240 0 37840 4834 23718 28486
	Line 207: 04:37.350	ID:22	17266,276,276,12
	Line 208: 04:37.383	ID:22	30 0 276 0 3084 49 1 0 13874 11318 14130 54 2048 0 165 34346 59254 17889 6 100 0 5 24576 79 0 9 63526 32422 0 41712
	Line 210: 04:45.860	ID:22	4067,284,284,10
	Line 211: 04:45.893	ID:22	30 0 284 0 2570 52 1 0 14134 12844 13368 2048 2048 0 229 0 4726 34346 59254 17888 0 100 0 371 0 0 0 11 32428 41712
	Line 216: 04:50.409	ID:22	-22351,289,289,14
	Line 217: 04:50.441	ID:22	30 0 289 0 3598 45 1 0 13106 12597 12844 14648 2048 0 228 0 34346 59254 41712 1 1 0 1280 0 35820 0 8 32422 0 0
	Line 219: 04:50.559	ID:22	11705,289,289,17
	Line 220: 04:50.595	ID:22	30 0 289 0 4369 49 1 0 12343 11317 14386 57 41712 1 4536 9490 0 0 9490 4536 63492 1 6176 63492 36188 4414 5518 32422 0 41712
	Line 222: 04:53.972	ID:22	31792,293,293,11
	Line 223: 04:54.006	ID:22	30 0 293 0 2827 51 1 0 14647 11314 14642 51 2048 0 485 0 4726 4642 22706 1 63492 1 6176 63492 36188 4414 5518 32422 0 0
	Line 225: 04:57.144	ID:22	18166,296,296,15
	Line 226: 04:57.180	ID:22	30 0 296 0 3855 49 1 0 13873 11318 14642 54 2048 0 189 0 4732 4642 22706 1 63492 1 6176 63492 36188 4414 5518 32422 1 41712
	Line 229: 05:02.760	ID:22	11620,301,301,15
	Line 231: 05:02.797	ID:22	30 0 301 0 3855 49 1 0 12854 11312 12339 49 2048 35334 13140 0 881 1 10696 1 63492 1 6176 63492 36188 4414 5518 32422 0 41712
	Line 234: 05:04.025	ID:22	-16105,303,303,14
	Line 235: 05:04.062	ID:22	30 0 303 0 3598 45 1 0 12598 13616 13100 13104 2048 0 373 0 4726 4642 22706 1 63492 1 6176 63492 36188 4414 5518 32422 0 41712
	Line 237: 05:10.013	ID:22	-11588,309,309,6
	Line 238: 05:10.050	ID:22	30 0 309 0 1542 45 1 0 13617 14392 13100 14640 2048 0 303 0 4726 4642 22706 1 63492 1 6176 63492 36188 4414 5518 32422 0 41712
	Line 240: 05:11.122	ID:22	-2865,310,310,1
	Line 241: 05:11.157	ID:22	30 0 310 0 257 45 1 0 13880 11317 12595 48 2048 0 487 0 4726 4642 22706 1 63492 1 6176 63492 36188 4414 5518 32422 0 41712
	Line 243: 05:13.173	ID:22	8543,312,312,17
	Line 244: 05:13.210	ID:22	30 0 312 0 4369 56 1 0 13108 13100 12849 2048 2048 0 487 0 4726 4642 22706 1 63492 1 6176 63492 36188 4414 5518 32422 0 41712
	Line 255: 05:22.652	ID:22	-6105,321,321,18
	Line 256: 05:22.688	ID:22	30 0 321 0 4626 45 2 0 12337 11317 12851 49 2048 0 487 0 4732 4642 22706 1 63492 1 6176 63492 36188 4414 5518 32422 1 41712
	Line 258: 05:26.392	ID:22	-14736,325,325,16
	Line 259: 05:26.429	ID:22	30 0 325 0 4112 45 2 0 14132 13875 13100 13618 2048 0 487 0 4726 4642 22706 2 63492 2 6176 63492 36188 4414 5518 32422 0 41712
	Line 261: 05:28.591	ID:22	21568,327,327,12
	Line 262: 05:28.625	ID:22	30 0 327 0 3084 50 1 0 13877 11320 12851 55 2048 0 487 0 4726 4642 22706 1 63492 1 6176 63492 36188 4414 5518 32422 0 0
	Line 267: 05:48.759	ID:22	-22025,347,347,4
	Line 268: 05:48.788	ID:22	30 0 347 0 1028 45 2 0 12338 13618 13100 14132 43520 0 0 0 0 0 0 0 0 0 16448 0 0 0 0 10214 11054 44600
	Line 270: 05:53.963	ID:22	-6610,353,353,11
	Line 272: 05:53.999	ID:22	30 0 353 0 2827 45 1 0 12598 11312 13619 51 2048 0 230 0 4726 4642 22706 1 63492 1 6176 63492 36188 4414 5518 32422 0 41712
	Line 276: 05:54.492	ID:22	32553,353,353,5
	Line 277: 05:54.528	ID:22	30 0 353 0 1285 51 1 0 13621 11315 13619 51 2048 0 485 0 4732 4642 22706 1 63492 1 6176 63492 36188 4414 5518 32422 1 41712
	Line 279: 05:56.132	ID:22	30761,355,355,2
	Line 280: 05:56.168	ID:22	30 0 355 0 514 51 2 0 13879 11313 13619 53 2048 0 230 0 4726 4642 22706 4642 1 15 60530 35414 23240 0 9168 4834 23718 57167
	Line 282: 06:00.725	ID:22	10393,359,359,10
	Line 283: 06:00.762	ID:22	30 0 359 0 2570 49 1 0 14643 11315 13619 57 2048 35334 33619 0 752 0 10696 1 63492 1 6176 63492 36188 4414 5518 32422 0 41712
	Line 285: 06:02.483	ID:22	-6065,361,361,5
	Line 286: 06:02.519	ID:22	30 0 361 0 1285 45 1 0 13872 11317 13875 49 2048 0 230 0 4726 4642 22706 1 63492 1 6176 63492 36188 4414 5518 32422 0 41712
	Line 294: 06:12.122	ID:22	14556,371,371,2
	Line 295: 06:12.158	ID:22	30 0 371 0 514 49 2 0 13621 11318 14131 49 2048 0 231 0 4726 4642 22706 1 63492 1 6186 63492 36188 4414 5528 32422 0 41712
	Line 297: 06:13.487	ID:22	1381,372,372,1
	Line 298: 06:13.522	ID:22	30 0 372 0 257 49 1 0 12600 13100 12855 2048 2048 0 424 0 4726 4642 22706 1 63492 1 6176 63492 36188 4414 5518 32422 0 0
	Line 306: 06:24.481	ID:22	-9086,383,383,15
	Line 307: 06:24.517	ID:22	30 0 383 0 3855 45 1 0 14384 11318 14387 51 2048 0 229 0 4732 4642 22706 1 63492 1 6176 63492 36188 4414 5518 32422 1 41712
	Line 312: 06:30.890	ID:22	7917,390,389,14
	Line 313: 06:30.927	ID:22	30 0 389 0 3598 55 1 0 14129 13100 12345 2048 2048 0 231 0 4726 4642 22706 1 63492 1 6176 63492 36188 4414 5518 32422 0 41712
	Line 318: 06:41.257	ID:22	-25190,400,400,6
	Line 319: 06:41.294	ID:22	30 0 400 0 1542 45 1 0 12597 12345 13356 12336 2048 0 231 0 4726 4642 22706 1 63492 1 6176 63492 36188 4414 5518 32422 0 41712
	Line 321: 06:47.716	ID:22	-14529,406,406,10
	Line 322: 06:47.753	ID:22	30 0 406 0 2570 45 1 0 13620 14642 13356 13872 2048 0 231 0 4726 4642 22706 1 63492 1 6176 63492 36188 4414 5518 32422 0 41712
	Line 324: 06:47.956	ID:22	9406,407,407,12
	Line 325: 06:47.993	ID:22	30 0 407 0 3084 57 1 0 13872 13356 14128 2048 2048 0 230 0 4726 4642 22706 1 63492 1 6176 63492 36188 4414 5518 32422 0 41712
	Line 327: 06:48.203	ID:22	11100,407,407,11
	Line 328: 06:48.238	ID:22	30 0 407 0 2827 49 1 0 12337 11312 12340 55 2048 0 405 0 4726 4642 22706 1 63492 1 6176 63492 36188 4414 5518 32422 0 0
	Line 330: 06:50.479	ID:22	-15235,409,409,18
	Line 331: 06:50.514	ID:22	30 0 409 0 4626 45 2 0 12853 13619 13356 14640 2048 0 231 0 4726 4642 22706 4642 1 15 60530 35414 23240 0 34346 59254 0 0
	Line 333: 06:52.845	ID:22	-9618,411,411,16
	Line 334: 06:52.872	ID:22	30 0 411 0 4112 45 2 0 12598 11320 12596 49 43690 0 0 0 0 0 0 0 0 0 16448 0 0 0 0 10214 11054 44600
	Line 336: 06:56.539	ID:22	-5003,415,415,17
	Line 337: 06:56.575	ID:22	30 0 415 0 4369 45 1 0 12336 11315 12596 53 2048 0 313 0 4726 4642 22706 1 63492 1 6176 63492 36188 4414 5518 32422 0 41712
	Line 339: 06:57.585	ID:22	25293,416,416,4
	Line 340: 06:57.617	ID:22	30 0 416 0 1028 50 2 0 14642 11315 12596 54 1 18 6177 1 8 6176 6176 8 18378 1 6176 63492 36188 4414 5518 32422 0 0
	Line 342: 07:03.076	ID:22	-9828,422,422,16
	Line 343: 07:03.111	ID:22	30 0 422 0 4112 45 2 0 12856 11320 12852 50 2048 0 4 0 4726 4642 22706 1 63492 1 6176 63492 36188 4414 5518 32422 0 41712
	Line 345: 07:07.816	ID:22	-4461,427,426,4
	Line 346: 07:07.852	ID:22	30 0 426 0 1028 45 2 0 13876 11313 12852 55 2048 0 223 0 4726 4642 22706 1 63492 1 6176 63492 36188 4414 5518 32422 0 41712
	Line 348: 07:11.447	ID:22	29804,430,430,12
	Line 349: 07:11.483	ID:22	30 0 430 0 3084 50 1 0 12344 11316 13108 48 2048 0 487 0 4726 4642 22706 1 63492 1 6176 63492 36188 4414 5518 32422 0 41712
	Line 354: 07:13.228	ID:22	3819,432,432,1
	Line 355: 07:13.264	ID:22	30 0 432 0 257 51 1 0 14641 13356 12851 2048 2048 0 231 0 4726 4642 22706 1 63492 1 6176 63492 36188 4414 5518 32422 0 41712
	Line 363: 07:25.279	ID:22	29819,444,444,17
	Line 364: 07:25.314	ID:22	30 0 444 0 4369 50 1 0 12600 11321 13364 52 2048 0 155 0 4726 4642 22706 1 63492 1 6176 63492 36188 4414 5518 32422 0 0
	Line 367: 07:28.801	ID:22	-6939,447,447,5
	Line 368: 07:28.828	ID:22	30 0 447 0 1285 45 1 0 13113 11321 13364 55 43690 0 0 0 0 0 0 0 0 0 16448 0 0 0 0 10214 11054 44600
	Line 372: 07:40.583	ID:22	-5269,459,459,2
	Line 373: 07:40.619	ID:22	30 0 459 0 514 45 2 0 13874 11321 13620 57 2048 0 192 0 4726 4642 22706 1 63492 1 6186 63492 36188 4414 5528 32422 0 41712
	Line 375: 07:49.434	ID:22	24555,468,468,11
	Line 376: 07:49.470	ID:22	30 0 468 0 2827 50 1 0 13621 11317 13876 56 2048 0 485 0 4726 4642 22706 1 63492 1 6176 63492 36188 4414 5518 32422 0 41712
	Line 378: 07:50.238	ID:22	-21055,469,469,6
	Line 379: 07:50.267	ID:22	30 0 469 0 1542 45 1 0 12337 13621 13356 14646 43520 0 0 0 0 0 0 0 0 0 16448 0 0 0 0 10214 11054 44600
	Line 381: 07:51.122	ID:22	4464,470,470,14
	Line 382: 07:51.149	ID:22	30 0 470 0 3598 52 1 0 13366 13356 12343 0 43690 0 0 0 0 0 0 0 0 0 16448 0 0 0 0 10214 11054 44600
	Line 384: 07:52.068	ID:22	-30775,471,471,15
	Line 385: 07:52.105	ID:22	30 0 471 0 3855 45 1 0 14128 13623 13356 12599 2048 0 485 0 4732 4642 22706 1 63492 1 6176 63492 36188 4414 5518 32422 1 41712
	Line 387: 07:53.072	ID:22	19306,472,472,10
	Line 388: 07:53.108	ID:22	30 0 472 0 2570 49 1 0 12339 11318 14132 50 2048 0 435 0 4726 4642 22706 1 63492 1 6176 63492 36188 4414 5518 32422 0 41712
	Line 396: 07:59.787	ID:22	-8253,478,478,18
	Line 397: 07:59.823	ID:22	30 0 478 0 4626 45 2 0 13618 11315 14132 56 2048 0 487 0 4726 4642 22706 1 63492 1 6176 63492 36188 4414 5518 32422 0 41712
    Line 14: 01:14.881	ID:21	29540,73,73,7
    	Line 15: 01:14.917	ID:21	30 0 73 0 1799 50 2 0 13365 11312 13111 512 2048 0 487 0 4726 4642 22706 4642 1 15 60530 35414 23240 0 46033 4834 23718 20332
    	Line 20: 01:17.616	ID:21	1661,76,76,13
    	Line 21: 01:17.651	ID:21	30 0 76 0 3341 49 1 0 12598 14124 54 2050 2048 0 485 0 4732 4642 22706 1 63492 1 6176 63492 36188 4414 5518 32422 1 41712
    	Line 23: 01:17.895	ID:21	25186,76,76,3
    	Line 24: 01:17.931	ID:21	30 0 76 0 771 50 1 0 14385 11318 13879 2048 2048 0 230 0 4726 4642 22706 1 63492 1 6176 63492 36188 4414 5518 32422 0 41712
    	Line 26: 01:27.826	ID:21	31544,87,86,8
    	Line 27: 01:27.852	ID:21	30 0 86 0 2056 51 2 0 13365 11316 14136 0 43690 0 0 0 0 0 0 0 0 0 16448 0 0 0 0 10214 11054 44600
    	Line 35: 01:38.597	ID:21	5123,97,97,19
    	Line 36: 01:38.623	ID:21	30 0 97 0 4883 53 1 0 13106 14636 55 0 43690 0 0 0 0 0 0 0 0 0 16448 0 0 0 0 10214 11054 44600
    	Line 38: 01:38.811	ID:21	23383,97,97,20
    	Line 39: 01:38.847	ID:21	30 0 97 0 5140 50 1 0 14387 11315 14137 2048 2048 0 431 0 4732 4642 22706 1 63492 1 6176 63492 36188 4414 5518 32422 1 41712
    	Line 63: 02:04.848	ID:21	-30144,123,123,13
    	Line 64: 02:04.876	ID:21	30 0 123 0 3341 45 1 0 12592 13364 12588 13106 43520 0 0 0 0 0 0 0 0 0 16448 0 0 0 0 10214 11054 44600
    	Line 78: 02:22.751	ID:21	17070,141,141,3
    	Line 79: 02:22.787	ID:21	30 0 141 0 771 49 1 0 14128 11312 13361 49 2048 0 233 0 4726 4642 22706 4642 1 15 60530 35414 23240 0 54225 4834 23718 12198
    	Line 86: 02:35.283	ID:21	22003,154,154,20
    	Line 88: 02:35.310	ID:21	30 0 154 0 5140 50 1 0 12336 11315 13617 52 43690 0 0 0 0 0 0 0 0 0 16448 0 0 0 0 10214 11054 44600
    	Line 96: 02:41.528	ID:21	4836,160,160,8
    	Line 97: 02:41.556	ID:21	30 0 160 0 2056 52 2 0 13875 12588 12342 0 43690 0 0 0 0 0 0 0 0 0 16448 0 0 0 0 10214 11054 44600
    	Line 99: 02:44.583	ID:21	25040,163,163,7
    	Line 100: 02:44.620	ID:21	30 0 163 0 1799 50 2 0 13360 11312 13873 51 2048 0 231 0 4726 4642 22706 4642 1 15 60530 35414 23240 0 29649 4834 23718 36686
    	Line 108: 02:52.578	ID:21	-4769,171,171,19
    	Line 109: 02:52.606	ID:21	30 0 171 0 4883 45 1 0 13879 11321 14129 49 43690 0 0 0 0 0 0 0 0 0 16448 0 0 0 0 10214 11054 44600
    	Line 117: 03:02.264	ID:21	-31447,181,181,20
    	Line 118: 03:02.301	ID:21	30 0 181 0 5140 45 1 0 13361 14132 12588 12600 2048 0 487 0 4732 4642 22706 1 63492 1 6176 63492 36188 4414 5518 32422 1 41712
    	Line 123: 03:05.991	ID:21	7132,184,184,3
    	Line 124: 03:06.028	ID:21	30 0 184 0 771 55 1 0 12851 12588 13368 2048 2048 0 487 0 4726 4642 22706 1 63492 1 6176 63492 36188 4414 5518 32422 0 41712
    	Line 144: 03:30.819	ID:21	-6369,209,209,13
    	Line 145: 03:30.855	ID:21	30 0 209 0 3341 45 1 0 13875 11321 12338 57 2048 0 189 0 4732 4642 22706 1 63492 1 6176 63492 36188 4414 5518 32422 1 41712
    	Line 159: 03:44.444	ID:21	-26507,223,223,19
    	Line 160: 03:44.482	ID:21	30 0 223 0 4883 45 1 0 13622 14128 12844 13106 2048 34346 59254 41712 1 6176 6174 0 32768 1 6176 63492 36188 4414 5518 32422 0 0
    	Line 162: 03:48.564	ID:21	21710,227,227,7
    	Line 163: 03:48.592	ID:21	30 0 227 0 1799 50 2 0 12599 11312 12850 55 43690 0 0 0 0 0 0 0 0 0 16448 0 0 0 0 10214 11054 44600
    	Line 168: 03:59.259	ID:21	-3309,238,238,8
    	Line 169: 03:59.287	ID:21	30 0 238 0 2056 45 2 0 12339 11321 13106 56 43690 0 0 0 0 0 0 0 0 0 16448 0 0 0 0 10214 11054 44600
    	Line 174: 04:03.241	ID:21	14153,242,242,8
    	Line 175: 04:03.276	ID:21	30 0 242 0 2056 49 2 0 13617 11315 13362 50 2048 0 9 0 4726 4642 22706 1 63492 1 6176 63492 36188 4414 5518 32422 0 41712
    	Line 183: 04:14.216	ID:21	27100,253,253,20
    	Line 184: 04:14.252	ID:21	30 0 253 0 5140 50 1 0 12337 11312 13618 51 2048 0 229 0 4726 4642 22706 1 63492 1 6176 63492 36188 4414 5518 32422 0 41712
    	Line 186: 04:20.722	ID:21	27243,259,259,3
    	Line 187: 04:20.758	ID:21	30 0 259 0 771 50 1 0 13362 11315 13618 57 2048 0 461 0 4726 4642 22706 1 63492 1 6176 63492 36188 4414 5518 32422 0 41712
    	Line 192: 04:25.175	ID:21	18161,264,264,19
    	Line 193: 04:25.211	ID:21	30 0 264 0 4883 49 1 0 13873 11313 13874 52 2048 0 229 0 4726 4642 22706 1 63492 1 6176 63492 36188 4414 5518 32422 0 41712
    	Line 201: 04:33.656	ID:21	-10693,272,272,13
    	Line 202: 04:33.690	ID:21	30 0 272 0 3341 45 1 0 13872 13113 12844 12855 0 21 21 5 8 6176 6176 8 18384 1 6176 63492 36188 4414 5518 32422 0 41712
    	Line 213: 04:46.901	ID:21	-4134,286,285,7
    	Line 214: 04:46.937	ID:21	30 0 285 0 1799 45 2 0 13105 11316 14386 54 2048 0 487 0 4726 4642 22706 1 63492 1 6176 63492 36188 4414 5518 32422 0 41712
    	Line 230: 05:02.790	ID:21	10583,301,301,19
    	Line 232: 05:02.826	ID:21	30 0 301 0 4883 49 1 0 14389 11315 12339 49 2048 0 221 0 4726 4642 22706 1 63492 1 6176 63492 36188 4414 5518 32422 0 41712
    	Line 246: 05:16.012	ID:21	29361,314,314,13
    	Line 247: 05:16.048	ID:21	30 0 314 0 3341 50 1 0 13875 11313 12595 52 2048 0 231 0 4732 4642 22706 1 63492 1 6176 63492 36188 4414 5518 32422 1 41712
    	Line 249: 05:16.332	ID:21	-28565,315,315,20
    	Line 250: 05:16.369	ID:21	30 0 315 0 5140 45 1 0 13624 13622 13100 13617 2048 0 230 0 4726 4642 22706 1 63492 1 6176 63492 36188 4414 5518 32422 0 41712
    	Line 252: 05:17.007	ID:21	-25880,316,315,7
    	Line 253: 05:17.045	ID:21	30 0 315 0 1799 45 2 0 14389 12344 13100 13873 2048 0 487 0 4726 4642 22706 1 63492 1 6176 63492 36188 4414 5518 32422 0 41712
    	Line 264: 05:47.453	ID:21	-9604,346,346,8
    	Line 265: 05:47.488	ID:21	30 0 346 0 2056 45 2 0 12342 11316 13363 54 2048 0 9 0 4726 4642 22706 1 63492 1 6176 63492 36188 4414 5518 32422 0 41712
    	Line 273: 05:54.088	ID:21	-1658,352,352,3
    	Line 274: 05:54.123	ID:21	30 0 352 0 771 45 1 0 13622 11320 13619 50 2048 0 208 0 4726 4642 22706 1 63492 1 6176 63492 36188 4414 5518 32422 0 41712
    	Line 288: 06:06.873	ID:21	12198,366,365,7
    	Line 289: 06:06.909	ID:21	30 0 365 0 1799 49 2 0 14641 11320 13875 54 2048 0 487 0 4726 4642 22706 1 63492 1 6176 63492 36188 4414 5518 32422 0 41712
    	Line 291: 06:08.483	ID:21	-25833,367,367,13
    	Line 292: 06:08.521	ID:21	30 0 367 0 3341 45 1 0 14389 13107 13100 14134 2048 0 485 0 4732 4642 22706 1 63492 1 6176 63492 36188 4414 5518 32422 1 41712
    	Line 300: 06:13.828	ID:21	2676,372,372,3
    	Line 301: 06:13.865	ID:21	30 0 372 0 771 50 1 0 13879 13100 12855 2048 2048 0 248 0 4726 4642 22706 1 63492 1 6176 63492 36188 4414 5518 32422 0 41712
    	Line 304: 06:24.438	ID:21	-20383,383,383,20
    	Line 305: 06:24.475	ID:21	30 0 383 0 5140 45 1 0 13104 13112 13100 13112 2048 0 487 0 4732 4642 22706 1 63492 1 6176 63492 36188 4414 5518 32422 1 41712
    	Line 309: 06:30.558	ID:21	19290,390,389,8
    	Line 310: 06:30.594	ID:21	30 0 389 0 2056 49 2 0 14642 11312 14643 48 2048 0 248 0 4726 4642 22706 1 63492 1 6176 63492 36188 4414 5518 32422 0 41712
    	Line 315: 06:33.656	ID:21	24877,392,392,19
    	Line 316: 06:33.692	ID:21	30 0 392 0 4883 50 1 0 14136 11319 14643 50 2048 0 149 0 4726 4642 22706 1 63492 1 6176 63492 36188 4414 5518 32422 0 41712
    	Line 351: 07:12.044	ID:21	-14265,431,430,20
    	Line 352: 07:12.081	ID:21	30 0 430 0 5140 45 1 0 12852 13622 13356 12595 2048 0 21 0 4732 4642 22706 1 63492 1 6176 63492 36188 4414 5518 32422 1 41712
    	Line 357: 07:21.896	ID:21	1011,440,440,19
    	Line 358: 07:21.923	ID:21	30 0 440 0 4883 49 1 0 12593 13356 12340 0 43690 0 0 0 0 0 0 0 0 0 16448 0 0 0 0 10214 11054 44600
    	Line 360: 07:24.569	ID:21	10258,443,443,3
    	Line 361: 07:24.605	ID:21	30 0 443 0 771 49 1 0 13618 11320 13364 51 2048 0 489 0 4726 4642 22706 4642 1 15 60530 35414 23240 0 58321 4834 23718 8005
    	Line 369: 07:28.835	ID:21	-16323,447,447,7
    	Line 370: 07:28.872	ID:21	30 0 447 0 1799 45 2 0 13110 13106 13356 14132 2048 0 487 0 4726 4642 22706 4642 1 15 60530 35414 23240 0 58355 4834 23422 4022
    	Line 390: 07:55.771	ID:21	-31103,475,474,8
    	Line 391: 07:55.799	ID:21	30 0 474 0 2056 45 2 0 12593 13104 13356 13623 43520 0 0 0 0 0 0 0 0 0 16448 0 0 0 0 10214 11054 44600
    	Line 393: 07:59.320	ID:21	-19678,478,478,13
    	Line 394: 07:59.358	ID:21	30 0 478 0 3341 45 1 0 13881 14391 13356 14391 2048 0 189 0 4732 4642 22706 1 63492 1 6176 63492 36188 4414 5518 32422 1 41712
    	Line 399: 08:04.131	ID:21	-6638,483,482,20
    	Line 400: 08:04.167	ID:21	30 0 482 0 5140 45 1 0 13110 11320 14388 51 2048 0 231 0 4732 4642 22706 1 63492 1 6176 63492 36188 4414 5518 32422 1 41712