	Line 207: 01:13.126	ID:22	27418,72,72,12
	Line 208: 01:13.153	ID:22	30 0 72 0 3084 50 1 0 12596 11320 12855 0 43690 0 0 0 0 0 0 0 0 0 16448 0 0 0 0 10214 11054 44600
	Line 213: 01:17.987	ID:22	25186,76,77,3
	Line 214: 01:18.023	ID:22	30 0 77 0 771 50 2 0 14385 11318 13879 2048 2048 0 231 0 4726 4642 22706 1 63492 1 6176 63492 36188 4414 5518 32422 0 41712
	Line 226: 01:27.810	ID:22	13778,87,86,4
	Line 227: 01:27.847	ID:22	30 0 86 0 1028 49 1 0 14135 11320 14136 2048 2048 0 484 0 4726 4642 22706 1 63492 1 6176 63492 36188 4414 5518 32422 0 41712
	Line 258: 02:19.541	ID:22	-23613,138,138,12
	Line 259: 02:19.578	ID:22	30 0 138 0 3084 45 1 0 13875 13105 12588 14387 2048 0 454 0 4726 4642 22706 1 63492 1 6176 63492 36188 4414 5518 32422 0 41712
	Line 267: 02:23.013	ID:22	28305,142,142,4
	Line 268: 02:23.049	ID:22	30 0 142 0 1028 50 1 0 12339 11317 13361 50 2048 0 485 0 4726 4642 22706 1 63492 1 6176 63492 36188 4414 5518 32422 0 41712
	Line 296: 03:01.392	ID:22	5349,179,180,3
	Line 297: 03:01.419	ID:22	30 0 180 0 771 53 2 0 14644 12588 14647 0 43690 0 0 0 0 0 0 0 0 0 16448 0 0 0 0 10214 11054 44600
	Line 302: 03:07.734	ID:22	-13874,187,186,4
	Line 303: 03:07.772	ID:22	30 0 186 0 1028 45 1 0 14387 13367 12588 14136 2048 0 206 0 4726 4642 22706 4642 1 15 60530 35414 23240 0 54225 4834 23718 12186
	Line 308: 03:11.215	ID:22	-6908,190,190,12
	Line 309: 03:11.242	ID:22	30 0 190 0 3084 45 1 0 12345 11320 14641 48 43690 0 0 0 0 0 0 0 0 0 16448 0 0 0 0 10214 11054 44600
	Line 322: 03:20.816	ID:22	6753,199,199,3
	Line 323: 03:20.853	ID:22	30 0 199 0 771 54 2 0 13109 12588 14649 2048 2048 0 229 0 4726 4642 22706 1 63492 1 6176 63492 36188 4414 5518 32422 0 41712
	Line 368: 04:22.481	ID:22	-17437,260,261,3
	Line 369: 04:22.516	ID:22	30 0 261 0 771 45 2 0 13367 14131 12844 12342 34304 59254 41712 1 36 17 0 0 0 1 6176 63492 36188 4414 5518 32422 0 41712
	Line 371: 04:26.841	ID:22	23176,265,265,12
	Line 372: 04:26.868	ID:22	30 0 265 0 3084 50 1 0 14129 11318 13874 53 43690 0 0 0 0 0 0 0 0 0 16448 0 0 0 0 10214 11054 44600
	Line 381: 04:30.544	ID:22	-7201,269,269,4
	Line 382: 04:30.580	ID:22	30 0 269 0 1028 45 1 0 12338 11313 13874 57 2048 0 190 0 4726 4642 22706 1 63492 1 6176 63492 36188 4414 5518 32422 0 41712
	Line 413: 05:17.880	ID:22	9046,317,316,4
	Line 414: 05:17.917	ID:22	30 0 316 0 1028 57 1 0 13876 13100 14129 2048 2048 0 229 0 4726 4642 22706 1 63492 1 6176 63492 36188 4414 5518 32422 0 41712
	Line 416: 05:21.024	ID:22	16291,320,320,12
	Line 417: 05:21.060	ID:22	30 0 320 0 3084 49 1 0 14642 11313 12851 48 2048 0 229 0 4726 4642 22706 1 63492 1 6176 63492 36188 4414 5518 32422 0 41712
	Line 445: 05:43.885	ID:22	13324,342,342,3
	Line 446: 05:43.922	ID:22	30 0 342 0 771 49 2 0 12851 11316 13363 50 2048 0 231 34346 59254 41712 1 1 63492 1 6176 63492 36188 4414 5518 32422 0 41712
	Line 469: 06:17.217	ID:22	31274,376,376,12
	Line 470: 06:17.245	ID:22	30 0 376 0 3084 51 1 0 14130 11316 14131 54 43690 0 0 0 0 0 0 0 0 0 16448 0 0 0 0 10214 11054 44600
	Line 478: 06:32.083	ID:22	17253,391,391,4
	Line 479: 06:32.111	ID:22	30 0 391 0 1028 49 1 0 13618 11315 14643 49 43690 0 0 0 0 0 0 0 0 0 16448 0 0 0 0 10214 11054 44600
	Line 482: 06:36.194	ID:22	-15269,394,395,3
	Line 483: 06:36.231	ID:22	30 0 395 0 771 45 2 0 12853 14646 13100 13369 2048 0 231 0 4726 4642 22706 1 63492 1 6176 63492 36188 4414 5518 32422 0 41712
	Line 507: 07:10.545	ID:22	29428,429,429,4
	Line 508: 07:10.572	ID:22	30 0 429 0 1028 50 1 0 12852 11320 12852 57 43690 0 0 0 0 0 0 0 0 0 16448 0 0 0 0 10214 11054 44600
	Line 510: 07:12.151	ID:22	9346,431,431,12
	Line 511: 07:12.186	ID:22	30 0 431 0 3084 57 1 0 13876 13356 12595 512 2048 0 198 0 4726 4642 22706 4642 1 15 60530 1 35414 23240 0 9228 4834 23718
	Line 529: 07:27.377	ID:22	-1884,446,446,3
	Line 530: 07:27.404	ID:22	30 0 446 0 771 45 2 0 14392 11316 13364 54 43690 0 0 0 0 0 0 0 0 0 16448 0 0 0 0 10214 11054 44600
	Line 202: 01:10.646	ID:21	24053,69,69,11
	Line 203: 01:10.682	ID:21	30 0 69 0 2827 50 1 0 13616 11315 14646 512 2048 0 233 0 4726 4642 22706 4642 1 15 60530 35414 23240 0 62476 4834 23718 3857
	Line 204: 01:10.689	ID:21	-5263,69,69,1
	Line 205: 01:10.716	ID:21	30 0 69 0 257 45 1 0 13874 11315 14646 0 43690 0 0 0 0 0 0 0 0 0 16448 0 0 0 0 10214 11054 44600
	Line 210: 01:16.510	ID:21	889,75,75,14
	Line 211: 01:16.536	ID:21	30 0 75 0 3598 56 2 0 11321 13623 0 0 43690 0 0 0 0 0 0 0 0 0 16448 0 0 0 0 10214 11054 44600
	Line 217: 01:19.651	ID:21	4179,79,78,6
	Line 218: 01:19.677	ID:21	30 0 78 0 1542 52 1 0 14647 14124 57 0 43690 0 0 0 0 0 0 0 0 0 16448 0 0 0 0 10214 11054 44600
	Line 220: 01:21.692	ID:21	26231,81,80,8
	Line 221: 01:21.728	ID:21	30 0 80 0 2056 50 2 0 13106 11313 12600 2048 2048 0 485 0 4726 4642 22706 1 63492 1 6176 63492 36188 4414 5518 32422 0 41712
	Line 223: 01:27.144	ID:21	-3645,85,85,13
	Line 224: 01:27.170	ID:21	30 0 85 0 3341 45 1 0 13366 11317 13624 0 43690 0 0 0 0 0 0 0 0 0 16448 0 0 0 0 10214 11054 0
	Line 229: 01:31.111	ID:21	-27888,90,89,18
	Line 230: 01:31.146	ID:21	30 0 89 0 4626 45 1 0 14391 14392 14636 48 2048 0 229 0 4726 4642 22706 1 63492 1 6176 63492 36188 4414 5518 32422 0 41712
	Line 232: 01:32.599	ID:21	-14789,91,91,9
	Line 233: 01:32.635	ID:21	30 0 91 0 2313 45 1 0 14132 14648 14636 49 2048 0 229 0 4726 4642 22706 1 63492 1 6176 63492 36188 4414 5518 32422 0 41712
	Line 235: 01:42.784	ID:21	19474,101,101,10
	Line 236: 01:42.818	ID:21	30 0 101 0 2570 49 1 0 14132 11316 12337 49 2048 0 229 0 4726 4642 22706 1 63492 1 6176 63492 36188 4414 5518 32422 0 0
	Line 238: 01:50.435	ID:21	-4680,109,109,15
	Line 239: 01:50.462	ID:21	30 0 109 0 3855 45 1 0 14390 11312 12337 57 43690 0 0 0 0 0 0 0 0 0 16448 0 0 0 0 10214 11054 44600
	Line 242: 01:57.953	ID:21	-24704,116,116,19
	Line 243: 01:57.989	ID:21	30 0 116 0 4883 45 1 0 14132 13360 12588 13873 2048 0 231 0 4726 4642 22706 4642 1 15 60530 35414 23240 0 34346 59254 0 0
	Line 245: 01:59.500	ID:21	21437,118,118,2
	Line 246: 01:59.528	ID:21	30 0 118 0 514 50 2 0 13108 11319 12593 56 43690 0 0 0 0 0 0 0 0 0 16448 0 0 0 0 10214 11054 44600
	Line 249: 02:10.239	ID:21	14027,129,129,6
	Line 251: 02:10.275	ID:21	30 0 129 0 1542 49 1 0 12848 11319 12849 57 2048 0 229 0 4726 4642 22706 1 63492 1 6176 63492 36188 4414 5518 32422 0 41712
	Line 252: 02:10.282	ID:21	30946,129,129,1
	Line 253: 02:10.309	ID:21	30 0 129 0 257 51 1 0 13369 11318 12849 57 43690 0 0 0 0 0 0 0 0 0 16448 0 0 0 0 10214 11054 44600
	Line 255: 02:16.814	ID:21	-26854,136,135,18
	Line 256: 02:16.849	ID:21	30 0 135 0 4626 45 1 0 14390 13365 12588 13875 2048 0 229 0 4726 4642 22706 1 63492 1 6176 63492 36188 4414 5518 32422 0 0
	Line 261: 02:21.175	ID:21	-26507,140,140,19
	Line 262: 02:21.212	ID:21	30 0 140 0 4883 45 1 0 13622 14128 12588 12340 2048 0 229 0 4726 4642 22706 1 63492 1 6176 63492 36188 4414 5518 32422 0 41712
	Line 264: 02:22.796	ID:21	-20589,141,141,15
	Line 265: 02:22.833	ID:21	30 0 141 0 3855 45 1 0 13616 14648 12588 12596 2048 0 229 0 4726 4642 22706 2 63492 2 6226 63492 36188 4414 5568 32422 0 41712
	Line 270: 02:28.611	ID:21	31056,148,147,8
	Line 271: 02:28.639	ID:21	30 0 147 0 2056 51 2 0 13616 11318 13361 56 43690 0 0 0 0 0 0 0 0 0 16448 0 0 0 0 10214 11054 44600
	Line 273: 02:31.938	ID:21	-13572,151,150,7
	Line 274: 02:31.966	ID:21	30 0 150 0 1799 45 1 0 13619 12855 12588 12597 43520 0 0 0 0 0 0 0 0 0 16448 0 0 0 0 10214 11054 44600
	Line 276: 02:33.338	ID:21	-20311,152,152,11
	Line 277: 02:33.371	ID:21	30 0 152 0 2827 45 1 0 13104 12593 12588 12853 0 0 6174 8 8 0 0 11 35788 2 6176 63492 36188 4414 5518 32422 0 41712
	Line 279: 02:34.562	ID:21	14057,153,153,9
	Line 280: 02:34.589	ID:21	30 0 153 0 2313 49 1 0 13616 11319 13617 51 43690 0 0 0 0 0 0 0 0 0 16448 0 0 0 0 10214 11054 44600
	Line 282: 02:35.175	ID:21	24117,154,154,14
	Line 283: 02:35.201	ID:21	30 0 154 0 3598 50 2 0 12593 11319 13617 52 43690 0 0 0 0 0 0 0 0 0 16448 0 0 0 0 10214 11054 0
	Line 285: 02:40.184	ID:21	28345,159,159,2
	Line 286: 02:40.219	ID:21	30 0 159 0 514 50 2 0 13363 11317 13617 57 2048 0 229 0 4726 4642 22706 1 63492 1 6176 63492 36188 4414 5518 32422 0 41712
	Line 289: 02:44.213	ID:21	21706,163,163,13
	Line 290: 02:44.241	ID:21	30 0 163 0 3341 50 1 0 12343 11318 13873 51 43690 0 0 0 0 0 0 0 0 0 16448 0 0 0 0 10214 11054 44600
	Line 293: 03:00.708	ID:21	-19115,179,179,10
	Line 294: 03:00.736	ID:21	30 0 179 0 2570 45 1 0 12601 13617 12588 14647 43520 0 0 0 0 0 0 0 0 0 16448 0 0 0 0 10214 11054 44600
	Line 299: 03:06.531	ID:21	-19985,185,185,15
	Line 300: 03:06.559	ID:21	30 0 185 0 3855 45 1 0 14649 13624 12588 13624 43520 0 0 0 0 0 0 0 0 0 16448 0 0 0 0 10214 11054 44600
	Line 305: 03:10.472	ID:21	1381,189,189,1
	Line 306: 03:10.508	ID:21	30 0 189 0 257 49 1 0 12600 12588 14648 2048 2048 0 485 0 4726 4642 22706 1 63492 1 6176 63492 36188 4414 5518 32422 0 41712
	Line 311: 03:16.059	ID:21	-25833,194,194,13
	Line 312: 03:16.088	ID:21	30 0 194 0 3341 45 1 0 14389 13107 12588 13369 43520 0 0 0 0 0 0 0 0 0 16448 0 0 0 0 10214 11054 44600
	Line 314: 03:17.165	ID:21	-251,196,196,8
	Line 315: 03:17.202	ID:21	30 0 196 0 2056 45 2 0 12597 12588 13881 2048 2048 0 485 0 4726 4642 22706 1 63492 1 6176 63492 36188 4414 5518 32422 0 41712
	Line 319: 03:20.557	ID:21	25324,199,199,6
	Line 320: 03:20.593	ID:21	30 0 199 0 1542 50 1 0 12851 11316 14641 57 2048 0 233 0 4726 4642 22706 1 63492 1 6176 63492 36188 4414 5518 32422 0 41712
	Line 325: 03:26.635	ID:21	10583,205,205,19
	Line 326: 03:26.662	ID:21	30 0 205 0 4883 49 1 0 14389 11315 12338 53 43690 0 0 0 0 0 0 0 0 0 16448 0 0 0 0 10214 11054 44600
	Line 328: 03:31.747	ID:21	-18477,210,210,10
	Line 329: 03:31.784	ID:21	30 0 210 0 2570 45 1 0 13368 14135 12844 12337 2048 0 449 0 4726 4642 22706 1 63492 1 6176 63492 36188 4414 5518 32422 0 41712
	Line 331: 03:37.264	ID:21	26631,216,216,9
	Line 332: 03:37.300	ID:21	30 0 216 0 2313 50 1 0 13110 11313 12594 54 2048 0 248 0 4726 4642 22706 1 63492 1 6176 63492 36188 4414 5518 32422 0 41712
	Line 334: 03:40.936	ID:21	14138,220,219,11
	Line 335: 03:40.963	ID:21	30 0 219 0 2827 49 1 0 13105 11320 12850 48 43690 0 0 0 0 0 0 0 0 0 16448 0 0 0 0 10214 11054 44600
	Line 337: 03:43.238	ID:21	-15235,222,222,18
	Line 338: 03:43.275	ID:21	30 0 222 0 4626 45 1 0 12853 13619 12844 12850 2048 0 172 0 4726 4642 22706 1 63492 1 6176 63492 36188 4414 5518 32422 0 41712
	Line 341: 03:50.609	ID:21	-20648,229,229,14
	Line 342: 03:50.646	ID:21	30 0 229 0 3598 45 2 0 13872 14388 12844 14642 2048 0 487 0 4726 4642 22706 4642 1 15 60530 35414 23240 0 50188 4834 23718 16189
	Line 344: 03:58.752	ID:21	19628,238,237,2
	Line 345: 03:58.787	ID:21	30 0 237 0 514 49 2 0 12854 11320 13106 56 2048 0 173 0 4726 4642 22706 1 63492 1 6176 63492 36188 4414 5518 32422 0 41712
	Line 347: 04:00.477	ID:21	3559,239,239,7
	Line 348: 04:00.514	ID:21	30 0 239 0 1799 51 1 0 14645 12844 14643 2048 2048 0 435 0 4726 4642 22706 1 63492 1 6176 63492 36188 4414 5518 32422 0 41712
	Line 350: 04:03.723	ID:21	266,242,242,2
	Line 351: 04:03.758	ID:21	30 0 242 0 514 50 2 0 11318 13362 50 2050 2048 0 202 0 4726 4642 22706 1 63492 1 6176 63492 36188 4414 5518 32422 0 41712
	Line 353: 04:08.972	ID:21	-7383,247,247,19
	Line 354: 04:09.008	ID:21	30 0 247 0 4883 45 1 0 14387 11315 13362 55 2048 0 229 0 4726 4642 22706 1 63492 1 6176 63492 36188 4414 5518 32422 0 41712
	Line 357: 04:11.886	ID:21	13544,251,250,15
	Line 358: 04:11.914	ID:21	30 0 250 0 3855 49 1 0 13365 11316 13618 49 43690 0 0 0 0 0 0 0 0 0 16448 0 0 0 0 10214 11054 44600
	Line 359: 04:11.949	ID:21	-24189,251,250,7
	Line 360: 04:11.977	ID:21	30 0 250 0 1799 45 1 0 12596 14648 12844 12597 43520 0 0 0 0 0 0 0 0 0 16448 0 0 0 0 10214 11054 44600
	Line 362: 04:12.420	ID:21	-13343,251,251,11
	Line 363: 04:12.458	ID:21	30 0 251 0 2827 45 1 0 13107 13108 12844 12597 2048 0 487 0 4726 4642 22706 4642 1 15 60530 35414 23240 0 46092 4834 23718 20286
	Line 365: 04:15.851	ID:21	24268,254,254,9
	Line 366: 04:15.878	ID:21	30 0 254 0 2313 50 1 0 13874 11320 13618 52 43690 0 0 0 0 0 0 0 0 0 16448 0 0 0 0 10214 11054 44600
	Line 376: 04:28.315	ID:21	-16276,267,267,18
	Line 377: 04:28.344	ID:21	30 0 267 0 4626 45 1 0 12854 13879 12844 14134 43520 0 0 0 0 0 0 0 0 0 16448 0 0 0 0 10214 11054 44600
	Line 378: 04:28.384	ID:21	13363,267,267,6
	Line 379: 04:28.421	ID:21	30 0 267 0 1542 49 1 0 13875 11315 13874 55 2048 0 229 0 4726 4642 22706 4642 1 15 60530 35414 23240 0 9169 4834 23718 57242
	Line 384: 04:33.039	ID:21	20801,272,271,10
	Line 385: 04:33.073	ID:21	30 0 271 0 2570 50 1 0 12344 11313 14130 50 2048 0 229 0 4726 34346 59254 41712 1 1 5518 0 32768 1 5518 32422 0 41712
	Line 387: 04:38.302	ID:21	-16105,277,277,14
	Line 388: 04:38.330	ID:21	30 0 277 0 3598 45 2 0 12598 13616 12844 14135 43520 0 0 0 0 0 0 0 0 0 16448 0 0 0 0 10214 11054 44600
	Line 392: 04:54.530	ID:21	28771,293,293,1
	Line 393: 04:54.557	ID:21	30 0 293 0 257 50 1 0 14135 11313 14642 51 43690 0 0 0 0 0 0 0 0 0 16448 0 0 0 0 10214 11054 44600
	Line 395: 04:55.650	ID:21	-14589,295,294,8
	Line 396: 04:55.679	ID:21	30 0 294 0 2056 45 2 0 13620 14648 12844 13625 43520 0 0 0 0 0 0 0 0 0 16448 0 0 0 0 10214 11054 44600
	Line 398: 05:00.733	ID:21	-5979,299,299,13
	Line 399: 05:00.761	ID:21	30 0 299 0 3341 45 1 0 14137 11321 14642 57 43690 0 0 0 0 0 0 0 0 0 16448 0 0 0 0 10214 11054 44600
	Line 401: 05:02.536	ID:21	-5332,301,301,7
	Line 402: 05:02.563	ID:21	30 0 301 0 1799 45 1 0 13107 11314 12339 49 43690 0 0 0 0 0 0 0 0 0 16448 0 0 0 0 10214 11054 44600
	Line 404: 05:08.559	ID:21	7624,307,307,19
	Line 405: 05:08.586	ID:21	30 0 307 0 4883 55 1 0 13362 13100 14128 0 43690 0 0 0 0 0 0 0 0 0 16448 0 0 0 0 10214 11054 44600
	Line 407: 05:09.612	ID:21	4350,309,308,8
	Line 408: 05:09.649	ID:21	30 0 308 0 2056 52 2 0 12341 13100 14640 2048 2048 0 192 0 4726 4642 22706 1 63492 1 6176 63492 36188 4414 5518 32422 0 41712
	Line 410: 05:12.563	ID:21	29133,311,311,9
	Line 411: 05:12.598	ID:21	30 0 311 0 2313 50 1 0 13105 11315 12595 49 2048 0 229 0 4726 4642 22706 4642 1 15 60530 35414 23240 0 33745 34346 59254 1
	Line 419: 05:22.383	ID:21	-12111,321,321,18
	Line 420: 05:22.420	ID:21	30 0 321 0 4626 45 1 0 12594 12593 13100 12594 2048 0 149 0 4726 4642 22706 1 63492 1 6176 63492 36188 4414 5518 32422 0 41712
	Line 423: 05:24.587	ID:21	20744,323,323,6
	Line 424: 05:24.614	ID:21	30 0 323 0 1542 50 1 0 13367 11316 12851 51 43690 0 0 0 0 0 0 0 0 0 16448 0 0 0 0 10214 11054 44600
	Line 426: 05:25.329	ID:21	-6279,324,324,10
	Line 427: 05:25.356	ID:21	30 0 324 0 2570 45 1 0 14130 11321 12851 52 43690 0 0 0 0 0 0 0 0 0 16448 0 0 0 0 10214 11054 44600
	Line 429: 05:26.205	ID:21	27169,325,325,13
	Line 430: 05:26.232	ID:21	30 0 325 0 3341 50 1 0 13873 11321 12851 53 43690 0 0 0 0 0 0 0 0 0 16448 0 0 0 0 10214 11054 44600
	Line 432: 05:26.881	ID:21	-4121,326,325,15
	Line 433: 05:26.908	ID:21	30 0 325 0 3855 45 1 0 12849 11313 12851 54 43690 0 0 0 0 0 0 0 0 0 16448 0 0 0 0 10214 11054 44600
	Line 435: 05:31.004	ID:21	7917,330,329,14
	Line 436: 05:31.039	ID:21	30 0 329 0 3598 55 2 0 14129 13100 12339 2048 2048 0 231 0 4726 4642 22706 1 63492 1 6176 63492 36188 4414 5518 32422 0 0
	Line 438: 05:31.878	ID:21	15345,331,330,2
	Line 439: 05:31.905	ID:21	30 0 330 0 514 49 2 0 13363 11317 13107 49 43690 0 0 0 0 0 0 0 0 0 16448 0 0 0 0 10214 11054 44600
	Line 441: 05:36.517	ID:21	29586,335,335,11
	Line 442: 05:36.549	ID:21	30 0 335 0 2827 50 1 0 14389 11318 13107 53 2048 0 435 0 34346 59254 41712 1 1 0 1280 0 19620 0 8 32422 0 41712
	Line 448: 05:45.607	ID:21	13964,344,344,1
	Line 449: 05:45.643	ID:21	30 0 344 0 257 49 1 0 13881 11316 13363 52 2048 0 229 0 4726 4642 22706 1 63492 1 6176 63492 36188 4414 5518 32422 0 41712
	Line 453: 06:06.479	ID:21	12973,365,365,7
	Line 455: 06:06.506	ID:21	30 0 365 0 1799 49 1 0 14137 11315 13875 53 43690 0 0 0 0 0 0 0 0 0 16448 0 0 0 0 10214 11054 44600
	Line 456: 06:06.670	ID:21	-2664,366,365,8
	Line 457: 06:06.698	ID:21	30 0 365 0 2056 45 2 0 13878 11316 13875 54 43690 0 0 0 0 0 0 0 0 0 16448 0 0 0 0 10214 11054 44600
	Line 459: 06:11.381	ID:21	-2178,370,370,15
	Line 460: 06:11.408	ID:21	30 0 370 0 3855 45 1 0 14129 11320 14131 48 43690 0 0 0 0 0 0 0 0 0 16448 0 0 0 0 10214 11054 44600
	Line 462: 06:12.465	ID:21	-22953,371,371,2
	Line 463: 06:12.502	ID:21	30 0 371 0 514 45 2 0 14642 13109 13100 12599 2048 0 231 0 4726 4642 22706 1 63492 1 6176 63492 36188 4414 5518 32422 0 41712
	Line 465: 06:16.143	ID:21	-4195,375,374,19
	Line 466: 06:16.180	ID:21	30 0 374 0 4883 45 1 0 14641 11317 14131 53 0 29803 4834 23422 18 18 35454 1 63492 1 6176 63492 36188 4414 5518 32422 0 41712
	Line 472: 06:21.368	ID:21	-15081,380,380,10
	Line 473: 06:21.405	ID:21	30 0 380 0 2570 45 1 0 12341 12600 13100 12344 2048 0 189 0 4726 4642 22706 1 63492 1 6176 63492 36188 4414 5518 32422 0 41712
	Line 475: 06:31.382	ID:21	20832,390,390,11
	Line 476: 06:31.418	ID:21	30 0 390 0 2827 50 1 0 13112 11314 14643 48 2048 0 75 0 4726 4642 22706 1 63492 1 6176 63492 36188 4414 5518 32422 0 41712
	Line 485: 06:39.648	ID:21	10400,398,398,13
	Line 486: 06:39.675	ID:21	30 0 398 0 3341 49 1 0 12340 11312 14643 56 43690 0 0 0 0 0 0 0 0 0 16448 0 0 0 0 10214 11054 44600
	Line 488: 06:48.685	ID:21	-16714,407,407,1
	Line 489: 06:48.719	ID:21	30 0 407 0 257 45 1 0 14134 13361 13356 14128 2048 0 9 0 4726 4642 34346 59254 41712 1 1 10506 0 32768 1 32422 0 41712
	Line 491: 06:51.197	ID:21	22451,410,410,14
	Line 492: 06:51.233	ID:21	30 0 410 0 3598 50 2 0 13620 11313 12596 48 2048 0 181 0 4726 4642 22706 1 63492 1 6176 63492 36188 4414 5518 32422 0 41712
	Line 494: 06:54.807	ID:21	-6935,414,413,18
	Line 495: 06:54.834	ID:21	30 0 413 0 4626 45 1 0 13113 11317 12596 52 43690 0 0 0 0 0 0 0 0 0 16448 0 0 0 0 10214 11054 44600
	Line 497: 06:56.020	ID:21	-8037,415,414,6
	Line 498: 06:56.056	ID:21	30 0 414 0 1542 45 1 0 13104 11319 12596 53 2048 0 485 0 4726 4642 22706 1 63492 1 6176 63492 36188 4414 5518 32422 0 41712
	Line 500: 07:00.987	ID:21	26685,419,419,9
	Line 501: 07:01.014	ID:21	30 0 419 0 2313 50 1 0 14390 11317 12596 57 43690 0 0 0 0 0 0 0 0 0 16448 0 0 0 0 10214 11054 44600
	Line 503: 07:01.504	ID:21	24831,420,420,13
	Line 504: 07:01.531	ID:21	30 0 420 0 3341 50 1 0 13112 11313 12852 48 43690 0 0 0 0 0 0 0 0 0 16448 0 0 0 0 10214 11054 44600
	Line 513: 07:12.311	ID:21	2204,431,431,10
	Line 514: 07:12.338	ID:21	30 0 431 0 2570 50 1 0 13360 13356 12595 0 43690 0 0 0 0 0 0 0 0 0 16448 0 0 0 0 10214 11054 44600
	Line 516: 07:20.913	ID:21	30451,440,439,8
	Line 517: 07:20.949	ID:21	30 0 439 0 2056 51 2 0 13620 11313 13364 48 2048 0 448 0 4726 4642 22706 1 63492 1 6176 63492 36188 4414 5518 32422 0 41712
	Line 519: 07:21.458	ID:21	25077,440,440,9
	Line 520: 07:21.493	ID:21	30 0 440 0 2313 50 1 0 14128 11319 13364 48 2048 0 485 0 4726 4642 22706 1 63492 1 6176 63492 36188 4414 5518 32422 0 0
	Line 522: 07:24.846	ID:21	-30913,443,443,19
	Line 523: 07:24.883	ID:21	30 0 443 0 4883 45 1 0 14640 13105 13356 13108 2048 0 485 0 4726 4642 22706 1 63492 1 6176 63492 36188 4414 5518 32422 0 41712
	Line 525: 07:25.117	ID:21	1794,444,443,6
	Line 526: 07:25.153	ID:21	30 0 443 0 1542 49 1 0 13369 13356 13364 512 2048 0 487 0 4726 4642 22706 4642 1 15 60530 35414 23240 0 977 4834 23718 65349
	Line 531: 07:27.533	ID:21	-22995,446,446,2
	Line 532: 07:27.567	ID:21	30 0 446 0 514 45 2 0 14642 13625 13356 13876 2048 0 231 34346 59254 17889 12 100 0 0 12672 6 0 9 63554 32422 0 41712
	Line 534: 07:31.634	ID:21	-21894,450,450,18
	Line 535: 07:31.671	ID:21	30 0 450 0 4626 45 1 0 14385 13369 13356 12341 2048 0 149 0 4726 4642 22706 1 63492 1 6176 63492 36188 4414 5518 32422 0 41712
	Line 537: 07:32.870	ID:21	4721,452,451,15
	Line 538: 07:32.897	ID:21	30 0 451 0 3855 52 1 0 12594 13356 12853 0 43690 0 0 0 0 0 0 0 0 0 16448 0 0 0 0 10214 11054 44600
	Line 540: 07:35.880	ID:21	-17175,454,454,14
	Line 541: 07:35.909	ID:21	30 0 454 0 3598 45 2 0 12599 13623 13356 13365 43520 0 0 0 0 0 0 0 0 0 16448 0 0 0 0 10214 11054 44600
	Line 543: 07:38.102	ID:21	-7446,457,456,11
	Line 544: 07:38.138	ID:21	30 0 456 0 2827 45 1 0 13364 11318 13620 55 2048 0 229 0 4726 4642 22706 1 63492 1 6176 63492 36188 4414 5518 32422 0 41712
	Line 546: 07:45.143	ID:21	2661,464,463,7
	Line 547: 07:45.180	ID:21	30 0 463 0 1799 50 1 0 12598 13356 13366 2048 2048 0 485 0 4732 4642 22706 1 63492 1 6176 63492 36188 4414 5518 32422 1 41712
	Line 549: 07:47.137	ID:21	30096,466,465,1
	Line 550: 07:47.173	ID:21	30 0 465 0 257 51 1 0 14640 11318 13876 54 2048 0 229 0 4726 4642 22706 1 63492 1 6176 63492 36188 4414 5518 32422 0 41712
